0 0.00319797979798 0.00322278399407
1 0.00439797979798 0.00443938153377
2 0.00798585858586 0.00806918748336
3 0.00997373737374 0.0100907112213
4 0.0121494949495 0.0123140219019
5 0.0135333333333 0.0137333743341
6 0.0166787878788 0.0169513589735
7 0.0186646464646 0.0189940624782
8 0.0202404040404 0.0206293918655
9 0.0228181818182 0.0233079149371
10 0.0246 0.0251536896478
11 0.025197979798 0.0257771299685
12 0.0273656565657 0.0280462560607
13 0.0304929292929 0.0313217485682
14 0.0326444444444 0.0335719950364
15 0.0337757575758 0.034753271122
16 0.0347313131313 0.0357593556802
17 0.036494949495 0.0376279148758
18 0.0382505050505 0.0394801771479
19 0.04 0.0413432280318
20 0.0411696969697 0.0425821310518
21 0.0429111111111 0.0444396099015
22 0.0453757575758 0.0470883603178
23 0.0478888888889 0.0497890866272
24 0.0496222222222 0.0516634839508
25 0.0519252525253 0.0541650960046
26 0.0526929292929 0.0549886440396
27 0.0546343434343 0.0570913521574
28 0.0563737373737 0.0589799903954
29 0.0586646464646 0.061463243167
30 0.0596343434343 0.0625236131792
31 0.0613717171717 0.06441924396
32 0.0629191919192 0.0661078192344
33 0.0638828282828 0.0671775892624
34 0.0657939393939 0.0692800277138
35 0.0667696969697 0.0703466720503
36 0.0688525252525 0.0726596002808
37 0.07 0.0739119630408
38 0.0709575757576 0.0749705238284
39 0.072298989899 0.0764695953116
40 0.0747151515152 0.0791918412419
41 0.0762444444444 0.080924659706
42 0.0785575757576 0.0834950620237
43 0.0794888888889 0.0845456342249
44 0.0812080808081 0.0864753969875
45 0.0831212121212 0.0886078716279
46 0.083703030303 0.089259544348
47 0.0850181818182 0.0907542010632
48 0.0870848484848 0.0931081503916
49 0.0885515151515 0.0947760830272
50 0.0915191919192 0.0981703124979
51 0.0933797979798 0.100334028674
52 0.0957878787879 0.103106959932
53 0.0967272727273 0.104179393569
54 0.0980484848485 0.105712118356
55 0.100290909091 0.108304619322
56 0.101751515152 0.109984525358
57 0.103787878788 0.11238491482
58 0.10502020202 0.113806100986
59 0.10741010101 0.116620054354
60 0.109060606061 0.118569363996
61 0.111244444444 0.121127449354
62 0.113086868687 0.123293216557
63 0.115113131313 0.12570588954
64 0.116032323232 0.126814170572
65 0.117654545455 0.128710111431
66 0.118735353535 0.130021013603
67 0.119452525253 0.130887634948
68 0.121311111111 0.133099943548
69 0.122971717172 0.135101094849
70 0.124636363636 0.137103119418
71 0.126076767677 0.138853618973
72 0.126783838384 0.139700830692
73 0.128028282828 0.141211913557
74 0.130206060606 0.143862305157
75 0.130943434343 0.144756068234
76 0.132381818182 0.146534702177
77 0.133957575758 0.148466346665
78 0.135250505051 0.150037550476
79 0.137046464646 0.152257288648
80 0.13918989899 0.154879717271
81 0.141357575758 0.157549019926
82 0.142056565657 0.158399057108
83 0.14397979798 0.160819684554
84 0.145773737374 0.163080817736
85 0.14758989899 0.165335023346
86 0.150082828283 0.168479432081
87 0.151468686869 0.170215672755
88 0.152725252525 0.171797038827
89 0.154319191919 0.173806055549
90 0.156614141414 0.176724663305
91 0.158577777778 0.1792111563
92 0.160042424242 0.181057780321
93 0.162731313131 0.184508355272
94 0.163642424242 0.185658712613
95 0.164337373737 0.186529801605
96 0.166276767677 0.189106276192
97 0.168521212121 0.19204593521
98 0.16956969697 0.193413057585
99 0.1712 0.195535387962
100 0.17275959596 0.197629285692
101 0.173282828283 0.198327876344
102 0.174521212121 0.199971458932
103 0.176117171717 0.2020609615
104 0.177151515152 0.203412569497
105 0.178212121212 0.204784587704
106 0.178232323232 0.20482101243
107 0.180117171717 0.2073014325
108 0.181884848485 0.20966302463
109 0.184357575758 0.21292923432
110 0.185107070707 0.213949964172
111 0.186266666667 0.215485361517
112 0.187981818182 0.217792448107
113 0.189357575758 0.219643749294
114 0.191032323232 0.22191561446
115 0.192434343434 0.223791475311
116 0.19495959596 0.227240643237
117 0.196727272727 0.229645486598
118 0.197923232323 0.231308844705
119 0.199680808081 0.233732566839
120 0.200852525253 0.235309106506
121 0.202416161616 0.237472789568
122 0.204161616162 0.239890431007
123 0.205652525253 0.24201268199
124 0.207852525253 0.245118347836
125 0.208868686869 0.246568156594
126 0.210072727273 0.248275231018
127 0.211494949495 0.25025780381
128 0.213872727273 0.253609766785
129 0.214870707071 0.254999474191
130 0.21682020202 0.257734372983
131 0.218181818182 0.259623444434
132 0.220050505051 0.262321780292
133 0.222490909091 0.265828818806
134 0.224266666667 0.268391781034
135 0.225422222222 0.270036432597
136 0.226290909091 0.271296048773
137 0.228321212121 0.274240207323
138 0.230208080808 0.276996597643
139 0.232525252525 0.280401586023
140 0.233345454545 0.281601529176
141 0.234343434343 0.283103947637
142 0.235357575758 0.284536779397
143 0.236850505051 0.286730603923
144 0.238478787879 0.289096428188
145 0.238652525253 0.289347815757
146 0.239492929293 0.290599840821
147 0.241492929293 0.293549358135
148 0.24261010101 0.295215164292
149 0.243757575758 0.296919785222
150 0.244781818182 0.298460280485
151 0.246527272727 0.301158376297
152 0.247167676768 0.302180888354
153 0.248163636364 0.303697705648
154 0.249967676768 0.306492844859
155 0.251672727273 0.30904378268
156 0.252638383838 0.310486422354
157 0.254303030303 0.313055848073
158 0.25521010101 0.314365769203
159 0.256149494949 0.315802203421
160 0.256937373737 0.317010900507
161 0.257949494949 0.31861746424
162 0.260016161616 0.321833492809
163 0.262442424242 0.325536603944
164 0.263575757576 0.327300036974
165 0.264911111111 0.329385705158
166 0.266977777778 0.332591390633
167 0.268351515152 0.334775218079
168 0.269723232323 0.336894271668
169 0.271313131313 0.339411472091
170 0.271947474747 0.340413608593
171 0.272561616162 0.341390192157
172 0.274482828283 0.344400829034
173 0.276232323232 0.347225713134
174 0.27821010101 0.35039894032
175 0.279953535354 0.353229900734
176 0.281098989899 0.355043127942
177 0.283577777778 0.35905090715
178 0.286280808081 0.363474878482
179 0.288032323232 0.366288265009
180 0.289721212121 0.369101499585
181 0.291090909091 0.371381055092
182 0.292731313131 0.37413117447
183 0.294622222222 0.377199683643
184 0.296058585859 0.379591333631
185 0.297129292929 0.381389518679
186 0.299103030303 0.384665749965
187 0.299852525253 0.385975900087
188 0.30062020202 0.387214889092
189 0.301357575758 0.388452442644
190 0.30255959596 0.390550298025
191 0.303618181818 0.392312168602
192 0.3048 0.394324719446
193 0.305876767677 0.396152886385
194 0.307090909091 0.398206421391
195 0.30815959596 0.400046390072
196 0.308957575758 0.401530439733
197 0.31043030303 0.404073048121
198 0.311777777778 0.406473804017
199 0.313032323232 0.40866798833
200 0.31437979798 0.411040056418
201 0.315127272727 0.412394516852
202 0.315575757576 0.413158200791
203 0.317745454545 0.416951737827
204 0.319319191919 0.419736308993
205 0.320557575758 0.421969042886
206 0.321513131313 0.423718401619
207 0.322547474747 0.425620558644
208 0.323715151515 0.427696714715
209 0.324858585859 0.429730648675
210 0.325325252525 0.430595857482
211 0.32596969697 0.431734505285
212 0.32623030303 0.432217462943
213 0.327307070707 0.434122755638
214 0.329127272727 0.437488781607
215 0.330818181818 0.44050123626
216 0.331501010101 0.441813180837
217 0.332222222222 0.443208499874
218 0.333147474747 0.444863402556
219 0.333929292929 0.446310240798
220 0.334664646465 0.447647386928
221 0.335965656566 0.450153005156
222 0.33656969697 0.451278747587
223 0.338022222222 0.453911273028
224 0.339319191919 0.456414034248
225 0.340662626263 0.458946709944
226 0.34258989899 0.462505079314
227 0.34377979798 0.464766142532
228 0.345282828283 0.467632912757
229 0.346545454545 0.470036756918
230 0.347595959596 0.472008022576
231 0.349325252525 0.475336927107
232 0.351515151515 0.479555179922
233 0.352735353535 0.481906783022
234 0.354068686869 0.484496579423
235 0.355109090909 0.486512281044
236 0.355377777778 0.487049819137
237 0.35656969697 0.489385192764
238 0.357385858586 0.490912185377
239 0.357541414141 0.491205700055
240 0.358509090909 0.493038614909
241 0.358563636364 0.493228647499
242 0.358814141414 0.493719337163
243 0.360171717172 0.496313973399
244 0.360995959596 0.497845729766
245 0.361749494949 0.499265402614
246 0.362052525253 0.499921407459
247 0.363492929293 0.502721104153
248 0.364537373737 0.504817964129
249 0.365658585859 0.506979409659
250 0.366634343434 0.508868124482
251 0.367446464646 0.51052611708
252 0.368597979798 0.512807634113
253 0.369317171717 0.514265209271
254 0.37043030303 0.516587508791
255 0.37084040404 0.51749638825
256 0.37157979798 0.519017454338
257 0.371854545455 0.519566226753
258 0.372935353535 0.521691701157
259 0.374044444444 0.523880160108
260 0.374797979798 0.525406451973
261 0.37576969697 0.527339376445
262 0.376890909091 0.529637449378
263 0.377993939394 0.531945626001
264 0.379432323232 0.534969472862
265 0.380478787879 0.537148202846
266 0.381880808081 0.540043308771
267 0.382915151515 0.542252696413
268 0.383777777778 0.544058650446
269 0.384737373737 0.546051011829
270 0.386266666667 0.549307073997
271 0.387258585859 0.551394834705
272 0.388252525253 0.553519970414
273 0.388818181818 0.554764716612
274 0.389923232323 0.557067094742
275 0.390735353535 0.558841647673
276 0.391705050505 0.560939310792
277 0.392694949495 0.562987542992
278 0.393325252525 0.564335968533
279 0.394836363636 0.567670599028
280 0.396406060606 0.571133912876
281 0.397531313131 0.573448261376
282 0.398127272727 0.574741659889
283 0.398658585859 0.575881946663
284 0.399153535354 0.576950603016
285 0.399872727273 0.578536273094
286 0.401006060606 0.581148048823
287 0.401832323232 0.583013582239
288 0.402765656566 0.585106342667
289 0.404008080808 0.587825147251
290 0.404678787879 0.589329550836
291 0.405397979798 0.59095908375
292 0.407004040404 0.594532602244
293 0.407648484849 0.596050169908
294 0.409022222222 0.599055779076
295 0.409846464646 0.600990317177
296 0.411375757576 0.604569362984
297 0.412638383838 0.607499520936
298 0.413721212121 0.610031327875
299 0.414745454545 0.61236671433
300 0.415642424242 0.614435294485
301 0.416028282828 0.615291017341
302 0.416913131313 0.617274709799
303 0.417486868687 0.618712282653
304 0.418105050505 0.620116840569
305 0.418901010101 0.621881417086
306 0.420208080808 0.624872665956
307 0.420888888889 0.626469414268
308 0.421533333333 0.627896532586
309 0.422804040404 0.63091111836
310 0.42318989899 0.631668228928
311 0.424466666667 0.634696334476
312 0.425357575758 0.636856887473
313 0.42576969697 0.637933649861
314 0.426070707071 0.638680695497
315 0.426963636364 0.640767479479
316 0.427882828283 0.642913753316
317 0.428143434343 0.643431732829
318 0.429214141414 0.645962918372
319 0.430133333333 0.648153662891
320 0.430777777778 0.649678003158
321 0.43224040404 0.653061105671
322 0.432727272727 0.654311903074
323 0.43335959596 0.655821435736
324 0.435062626263 0.65992398146
325 0.435161616162 0.660201777696
326 0.435993939394 0.662268573098
327 0.437402020202 0.665647085271
328 0.437561616162 0.66601561434
329 0.438864646465 0.669200719992
330 0.43975959596 0.671406516692
331 0.440555555556 0.67351840369
332 0.441319191919 0.675392040837
333 0.442161616162 0.677416097936
334 0.443365656566 0.680364375494
335 0.444258585859 0.682482348297
336 0.445925252525 0.686641144571
337 0.446456565657 0.687906208235
338 0.447587878788 0.69075389246
339 0.448642424242 0.69343900411
340 0.449323232323 0.695166557667
341 0.44994949495 0.696870412574
342 0.450975757576 0.699645176134
343 0.451482828283 0.700945123258
344 0.452012121212 0.702313543276
345 0.45278989899 0.704288377046
346 0.453432323232 0.705772417371
347 0.454161616162 0.707728767801
348 0.455232323232 0.710506268842
349 0.456248484848 0.713083588359
350 0.457139393939 0.715535554801
351 0.458074747475 0.71816977349
352 0.459264646465 0.72134832252
353 0.459676767677 0.722411592776
354 0.459925252525 0.723079616667
355 0.461050505051 0.726098333887
356 0.461919191919 0.728417980309
357 0.462804040404 0.730890615995
358 0.463804040404 0.733604675387
359 0.464575757576 0.735581470992
360 0.465995959596 0.739384782429
361 0.465880808081 0.739102240358
362 0.466919191919 0.741960214393
363 0.46781010101 0.744396589694
364 0.468157575758 0.745490286405
365 0.469086868687 0.748002416031
366 0.469080808081 0.747906832405
367 0.469775757576 0.749961511017
368 0.470096969697 0.751033434888
369 0.470812121212 0.753118782694
370 0.471872727273 0.755992726301
371 0.472743434343 0.758557031602
372 0.47295959596 0.759191003596
373 0.473307070707 0.760027836032
374 0.47337979798 0.760368909327
375 0.474004040404 0.761989387144
376 0.474008080808 0.761973486805
377 0.474731313131 0.764095021288
378 0.475238383838 0.76568710082
379 0.476452525253 0.76892048596
380 0.476921212121 0.770377768729
381 0.47778989899 0.772967720184
382 0.478470707071 0.775014085727
383 0.478963636364 0.776390311867
384 0.479321212121 0.777330405924
385 0.479905050505 0.778908462968
386 0.480593939394 0.780768979319
387 0.481361616162 0.782977716866
388 0.482173737374 0.785348249615
389 0.483034343434 0.787968041959
390 0.48342020202 0.789093967407
391 0.484167676768 0.791313610861
392 0.485117171717 0.794244090411
393 0.485395959596 0.795215258477
394 0.486103030303 0.797329258014
395 0.486909090909 0.799710145355
396 0.486739393939 0.799370528726
397 0.487139393939 0.800599590545
398 0.487919191919 0.80289502412
399 0.488680808081 0.805020041024
400 0.488945454545 0.805845417458
401 0.489595959596 0.807752717797
402 0.490395959596 0.810122623841
403 0.491705050505 0.814134262144
404 0.492777777778 0.817296350472
405 0.493535353535 0.819621923587
406 0.493947474747 0.820879170496
407 0.494551515152 0.822686487624
408 0.495591919192 0.825786862303
409 0.496307070707 0.827950438542
410 0.497121212121 0.830549465987
411 0.497943434343 0.832966647679
412 0.499353535354 0.837259713405
413 0.500539393939 0.840870357552
414 0.501143434343 0.842725597688
415 0.501272727273 0.843070887522
416 0.501977777778 0.845218941926
417 0.502561616162 0.847160729274
418 0.503232323232 0.849259208571
419 0.503682828283 0.85075598581
420 0.504717171717 0.854166058587
421 0.506002020202 0.858645539649
422 0.506539393939 0.860340353037
423 0.507404040404 0.862965184271
424 0.508523232323 0.866363166585
425 0.509319191919 0.869135704465
426 0.510521212121 0.873324900032
427 0.511533333333 0.876414835953
428 0.512638383838 0.88015910207
429 0.513242424242 0.882000949797
430 0.513880808081 0.88414730671
431 0.51495959596 0.888003797261
432 0.514901010101 0.887769119303
433 0.516036363636 0.89173759236
434 0.517129292929 0.89535512411
435 0.517113131313 0.895275020665
436 0.517957575758 0.898136616206
437 0.518357575758 0.899414160946
438 0.518535353535 0.90005521038
439 0.518880808081 0.901126276055
440 0.519682828283 0.90381152817
441 0.519931313131 0.904448496524
442 0.520393939394 0.906072299729
443 0.521195959596 0.908862557169
444 0.522109090909 0.91197369965
445 0.522907070707 0.914782028514
446 0.523806060606 0.91793217407
447 0.524222222222 0.919315936273
448 0.524723232323 0.921119291153
449 0.525624242424 0.92409890758
450 0.526436363636 0.926900332601
451 0.527496969697 0.930505984107
452 0.528367676768 0.933618543054
453 0.529416161616 0.937164538068
454 0.529713131313 0.938208568296
455 0.530228282828 0.93992401402
456 0.530961616162 0.942558853615
457 0.531690909091 0.945278544551
458 0.532282828283 0.947304605642
459 0.532773737374 0.948975587969
460 0.533119191919 0.950296707579
461 0.533814141414 0.952909894415
462 0.534155555556 0.954233817652
463 0.535218181818 0.958267319835
464 0.535703030303 0.960288596131
465 0.536183838384 0.962050804084
466 0.536636363636 0.963919536987
467 0.537208080808 0.966174016684
468 0.538125252525 0.969357855993
469 0.538997979798 0.972939542026
470 0.539284848485 0.973870063899
471 0.540583838384 0.978802727291
472 0.541044444444 0.980263600568
473 0.541577777778 0.98202429058
474 0.541775757576 0.982853728881
475 0.542395959596 0.985336860291
476 0.542894949495 0.987347886224
477 0.543709090909 0.990687813788
478 0.544907070707 0.995374506821
479 0.545353535354 0.997052439932
480 0.546195959596 1.00023539417
481 0.546355555556 1.00082361021
482 0.547272727273 1.00426925029
483 0.54775959596 1.00617346805
484 0.548294949495 1.00820445178
485 0.549323232323 1.01222147403
486 0.549626262626 1.01321996671
487 0.550298989899 1.01585253999
488 0.551183838384 1.0193832325
489 0.551713131313 1.02164673851
490 0.552246464646 1.02377672667
491 0.552672727273 1.02558353818
492 0.553272727273 1.02759045496
493 0.553931313131 1.03030971849
494 0.554327272727 1.03199401179
495 0.554903030303 1.03429787073
496 0.555478787879 1.03687238554
497 0.556141414141 1.03956419907
498 0.556464646465 1.04104731006
499 0.556882828283 1.04269051433
500 0.557602020202 1.04561781788
501 0.55858989899 1.04995123873
502 0.559208080808 1.05227522291
503 0.559991919192 1.05605161241
504 0.560551515152 1.0585616586
505 0.561076767677 1.06056401467
506 0.561450505051 1.06224495451
507 0.562090909091 1.06507811319
508 0.562494949495 1.06667167923
509 0.563288888889 1.06983343621
510 0.563967676768 1.07274277448
511 0.56417979798 1.07377061327
512 0.564258585859 1.07432105928
513 0.564482828283 1.074958035
514 0.565064646465 1.07748927049
515 0.565648484848 1.0800595448
516 0.566490909091 1.08391912829
517 0.566608080808 1.0844761594
518 0.567216161616 1.08714841651
519 0.567711111111 1.08936423341
520 0.567985858586 1.09047560843
521 0.56844040404 1.09257252319
522 0.568638383838 1.09347649897
523 0.568953535354 1.09483151588
524 0.569214141414 1.09593351223
525 0.569664646465 1.09797953118
526 0.570133333333 1.10001733569
527 0.570470707071 1.10145925474
528 0.571442424242 1.10584302225
529 0.571804040404 1.1073928979
530 0.572492929293 1.11077253341
531 0.572907070707 1.11293253233
532 0.572933333333 1.11310419739
533 0.573325252525 1.11510034461
534 0.573842424242 1.11777847662
535 0.574517171717 1.12046769434
536 0.574771717172 1.121564481
537 0.575682828283 1.12586944761
538 0.576272727273 1.12909915951
539 0.57657979798 1.13059458127
540 0.577165656566 1.13341723556
541 0.578228282828 1.13894519273
542 0.57838989899 1.13982073714
543 0.578476767677 1.1405394638
544 0.579042424242 1.14316250303
545 0.579682828283 1.14581040071
546 0.579581818182 1.14541973617
547 0.579743434343 1.14619507275
548 0.580242424242 1.14833700237
549 0.580858585859 1.15118768535
550 0.58121010101 1.15314221644
551 0.581747474747 1.15592320725
552 0.582583838384 1.15992688985
553 0.583064646465 1.16268820482
554 0.583753535354 1.16604853182
555 0.583939393939 1.16728165988
556 0.584341414141 1.1690923392
557 0.584838383838 1.17126150284
558 0.585319191919 1.17411786558
559 0.585274747475 1.1737671486
560 0.585626262626 1.17549824571
561 0.585971717172 1.17705838663
562 0.58638989899 1.17945878997
563 0.586694949495 1.18112119795
564 0.587078787879 1.1830794592
565 0.588139393939 1.18862065187
566 0.589284848485 1.193585878
567 0.589567676768 1.19533235562
568 0.590090909091 1.19936172268
569 0.590595959596 1.20117012324
570 0.591242424242 1.20485966013
571 0.591371717172 1.20409857576
572 0.591993939394 1.20757499879
573 0.592145454545 1.20850756207
574 0.592765656566 1.2117288415
575 0.593347474747 1.21490778457
576 0.59398989899 1.21829073805
577 0.594498989899 1.22086484065
578 0.595098989899 1.22406898436
579 0.59582020202 1.22673863618
580 0.596141414141 1.22856909684
581 0.596232323232 1.2295107485
582 0.596549494949 1.23144773281
583 0.596773737374 1.23243785499
584 0.59724040404 1.23468201125
585 0.597474747475 1.23617845046
586 0.597991919192 1.23977655135
587 0.598416161616 1.24243044196
588 0.59942020202 1.24815948778
589 0.600103030303 1.25153634145
590 0.60043030303 1.25393836246
591 0.600664646465 1.25550551784
592 0.600698989899 1.25595563987
593 0.601422222222 1.26048552622
594 0.601987878788 1.26362853144
595 0.602860606061 1.267934228
596 0.603066666667 1.26896778851
597 0.603735353535 1.27205408225
598 0.604260606061 1.27607003691
599 0.60483030303 1.27887790175
600 0.605373737374 1.28254449068
601 0.605935353535 1.2860450235
602 0.606082828283 1.28652125847
603 0.606747474747 1.28986561292
604 0.60762020202 1.29354905307
605 0.608593939394 1.2990138566
606 0.6088 1.30006225012
607 0.609286868687 1.30348284356
608 0.609846464646 1.30807995511
609 0.609850505051 1.30761287783
610 0.610395959596 1.31037503792
611 0.610547474747 1.3124004142
612 0.610804040404 1.31337456408
613 0.611496969697 1.31666456086
614 0.611955555556 1.31919392907
615 0.612147474747 1.32016620107
616 0.612311111111 1.32142186709
617 0.612923232323 1.32345072177
618 0.613339393939 1.32596663038
619 0.613795959596 1.32855022315
620 0.614422222222 1.33312324226
621 0.614793939394 1.33646221906
622 0.61558989899 1.34028376464
623 0.615743434343 1.34072622675
624 0.616276767677 1.34495978584
625 0.616616161616 1.34785852639
626 0.616781818182 1.34866612067
627 0.617351515152 1.3526942147
628 0.617945454545 1.35620985972
629 0.618202020202 1.35829312349
630 0.618355555556 1.35973260089
631 0.619004040404 1.36301927257
632 0.619044444444 1.36301977411
633 0.619527272727 1.36631324959
634 0.619927272727 1.36891230852
635 0.620232323232 1.36982808634
636 0.620488888889 1.37132399281
637 0.620618181818 1.37011425738
638 0.621260606061 1.37247048201
639 0.621717171717 1.37434408961
640 0.622161616162 1.3762062519
641 0.622195959596 1.37687688266
642 0.622553535354 1.37877629561
643 0.622985858586 1.38213320263
644 0.623628282828 1.38667113172
645 0.624127272727 1.39029931894
646 0.624222222222 1.39097935606
647 0.624921212121 1.39542659794
648 0.625058585859 1.3961559425
649 0.625434343434 1.39877227989
650 0.62556969697 1.39987028222
651 0.626139393939 1.40444613223
652 0.626309090909 1.40524855126
653 0.626503030303 1.40696883347
654 0.626717171717 1.40849447537
655 0.626749494949 1.40889254318
656 0.627157575758 1.41146328578
657 0.62756969697 1.41467182822
658 0.6276 1.41532525781
659 0.62777979798 1.41687223284
660 0.628046464646 1.41782644445
661 0.628197979798 1.41779324248
662 0.628315151515 1.41890601556
663 0.628767676768 1.42229840165
664 0.628907070707 1.4229611678
665 0.629476767677 1.42684058883
666 0.629832323232 1.42722378937
667 0.63004040404 1.43028518684
668 0.63063030303 1.43376382758
669 0.630935353535 1.43526089823
670 0.631365656566 1.43789736764
671 0.631587878788 1.43887503866
672 0.631874747475 1.43859335205
673 0.632317171717 1.44230750645
674 0.632315151515 1.44206248244
675 0.63283030303 1.44585607527
676 0.633173737374 1.44758407263
677 0.633549494949 1.4500170923
678 0.633529292929 1.44976850054
679 0.633894949495 1.45262946465
680 0.634193939394 1.45452410868
681 0.634549494949 1.45620922109
682 0.634612121212 1.45693142947
683 0.635123232323 1.46212799267
684 0.635464646465 1.46481912303
685 0.636028282828 1.47013154705
686 0.636175757576 1.46985585614
687 0.636404040404 1.46998037596
688 0.636602020202 1.47169115768
689 0.636929292929 1.47014692901
690 0.637248484848 1.47214833967
691 0.637450505051 1.47409553398
692 0.637858585859 1.47660238461
693 0.638296969697 1.47997819669
694 0.638078787879 1.47865166299
695 0.638290909091 1.48061786321
696 0.638216161616 1.480289927
697 0.638894949495 1.48327109015
698 0.639155555556 1.48614000305
699 0.639694949495 1.49040315781
700 0.639864646465 1.49194111641
701 0.640303030303 1.49456038253
702 0.640719191919 1.4973835019
703 0.640763636364 1.49659187187
704 0.641086868687 1.49873489592
705 0.641494949495 1.50321622106
706 0.641597979798 1.50466106318
707 0.641743434343 1.50389496404
708 0.642296969697 1.50554960028
709 0.642898989899 1.50842466409
710 0.642983838384 1.50648908255
711 0.643026262626 1.5046970038
712 0.643163636364 1.50443339288
713 0.64341010101 1.50739012458
714 0.644260606061 1.51352704662
715 0.644474747475 1.51633772535
716 0.644844444444 1.51995481035
717 0.645428282828 1.52340410708
718 0.645909090909 1.52652739969
719 0.646167676768 1.52916169201
720 0.646448484848 1.52980813679
721 0.646741414141 1.53226262207
722 0.646832323232 1.53214613048
723 0.647064646465 1.5326744064
724 0.647703030303 1.53542516496
725 0.648101010101 1.53707025795
726 0.648157575758 1.53767423015
727 0.648276767677 1.53748049048
728 0.648511111111 1.5409215455
729 0.648866666667 1.54402530286
730 0.649206060606 1.54738944249
731 0.64958989899 1.54973447386
732 0.650046464646 1.54824060712
733 0.650363636364 1.54832749007
734 0.650593939394 1.54945648986
735 0.650737373737 1.54879916713
736 0.651248484848 1.55260909942
737 0.65156969697 1.55021702612
738 0.651846464646 1.55387933453
739 0.652246464646 1.55561662022
740 0.652351515152 1.55898885112
741 0.652547474747 1.55958923307
742 0.652650505051 1.55813967231
743 0.652911111111 1.55976591665
744 0.653195959596 1.56050084839
745 0.653519191919 1.56041192606
746 0.653761616162 1.55998751645
747 0.654280808081 1.5636982391
748 0.654753535354 1.56633832727
749 0.655046464646 1.56768185572
750 0.654993939394 1.56545692379
751 0.655296969697 1.56880277087
752 0.655416161616 1.5710202929
753 0.655828282828 1.5746418087
754 0.656143434343 1.57585264525
755 0.65623030303 1.57410809498
756 0.656581818182 1.57541402632
757 0.65704040404 1.58308973448
758 0.65763030303 1.5849914956
759 0.657901010101 1.58665539884
760 0.658139393939 1.5871327667
761 0.658313131313 1.59009620921
762 0.658735353535 1.59209940136
763 0.659171717172 1.59606873584
764 0.659256565657 1.59677446445
765 0.659575757576 1.59624873895
766 0.659943434343 1.59702041266
767 0.660442424242 1.59996045507
768 0.660727272727 1.60082881419
769 0.660913131313 1.60389068751
770 0.660917171717 1.6043354382
771 0.661181818182 1.60853996337
772 0.661206060606 1.60737877845
773 0.661280808081 1.60760959391
774 0.66143030303 1.60934058367
775 0.66164040404 1.60878104026
776 0.661749494949 1.6099542872
777 0.661755555556 1.60901291077
778 0.661793939394 1.60787233896
779 0.661921212121 1.60715985521
780 0.662482828283 1.60807990167
781 0.66298989899 1.61226023895
782 0.663242424242 1.61604001264
783 0.663139393939 1.61394589212
784 0.663250505051 1.61481872598
785 0.664032323232 1.62761120962
786 0.664260606061 1.62550503813
787 0.664761616162 1.62914128948
788 0.665345454545 1.63156535077
789 0.66544040404 1.63065890137
790 0.66561010101 1.63253670171
791 0.665818181818 1.63366407658
792 0.665818181818 1.63468479234
793 0.66582020202 1.63788159793
794 0.666113131313 1.63765393602
795 0.666246464646 1.63731961526
796 0.666797979798 1.64052873077
797 0.667004040404 1.6429673362
798 0.666842424242 1.63892989279
799 0.66722020202 1.63721651979
800 0.667501010101 1.63759817596
801 0.667660606061 1.63677141608
802 0.667963636364 1.63762019427
803 0.668705050505 1.63486472271
804 0.668884848485 1.63700855654
805 0.669137373737 1.63576094281
806 0.669371717172 1.63657762875
807 0.669153535354 1.63790934513
808 0.669290909091 1.63220327857
809 0.669462626263 1.6296364719
810 0.669537373737 1.63160174944
811 0.669929292929 1.63383056284
812 0.670046464646 1.63649329428
813 0.67004040404 1.64072873803
814 0.670329292929 1.64140523661
815 0.670307070707 1.64525736885
816 0.670757575758 1.64704004506
817 0.671070707071 1.65423337368
818 0.670967676768 1.65621484837
819 0.671313131313 1.65858596667
820 0.671858585859 1.65669832296
821 0.671933333333 1.65870166723
822 0.671898989899 1.66175713539
823 0.672141414141 1.6641835603
824 0.672115151515 1.66218214749
825 0.672236363636 1.66519836837
826 0.672131313131 1.66293828373
827 0.672414141414 1.66645282446
828 0.672688888889 1.66567657008
829 0.673078787879 1.66773193056
830 0.673422222222 1.66683379057
831 0.673593939394 1.66833611806
832 0.673701010101 1.66882652661
833 0.673816161616 1.66858256144
834 0.674236363636 1.67084228095
835 0.674662626263 1.6731956407
836 0.67484040404 1.6788617568
837 0.675032323232 1.6778017871
838 0.675246464646 1.67804037755
839 0.675296969697 1.68074100442
840 0.675404040404 1.68228900839
841 0.675812121212 1.68499307773
842 0.676034343434 1.68925218576
843 0.676125252525 1.68945124352
844 0.676317171717 1.68699586766
845 0.676448484848 1.68844375732
846 0.676561616162 1.68623322504
847 0.67664040404 1.69161523503
848 0.676614141414 1.68735705989
849 0.677088888889 1.68483572896
850 0.677547474747 1.68628181326
851 0.677692929293 1.68649016175
852 0.677963636364 1.68423254863
853 0.678193939394 1.68634594434
854 0.678347474747 1.68894571438
855 0.678583838384 1.69206700131
856 0.678725252525 1.69176922866
857 0.678933333333 1.69262275424
858 0.679084848485 1.69431573286
859 0.679408080808 1.69956785381
860 0.679507070707 1.69693235325
861 0.67998989899 1.69571786433
862 0.680123232323 1.6915175825
863 0.680155555556 1.69225934953
864 0.680474747475 1.68964583051
865 0.6808 1.69023819257
866 0.681016161616 1.69375552711
867 0.680967676768 1.70127649323
868 0.681082828283 1.70033739256
869 0.681387878788 1.70006011659
870 0.681531313131 1.69734899729
871 0.681575757576 1.6973070848
872 0.68201010101 1.69696430703
873 0.682121212121 1.69496391799
874 0.682442424242 1.6923373129
875 0.682597979798 1.69358960028
876 0.682573737374 1.68931645937
877 0.682642424242 1.68835169089
878 0.682616161616 1.68896711716
879 0.682864646465 1.68807735112
880 0.682727272727 1.68848607361
881 0.683171717172 1.69006461678
882 0.683571717172 1.69293258303
883 0.683957575758 1.6943186178
884 0.684012121212 1.69111424357
885 0.684117171717 1.69342479495
886 0.684577777778 1.69473616792
887 0.684874747475 1.69172020856
888 0.685034343434 1.6946453469
889 0.684985858586 1.69303097127
890 0.685127272727 1.69081813886
891 0.685270707071 1.68932144941
892 0.685335353535 1.69111413654
893 0.685668686869 1.69463259363
894 0.685652525253 1.69583251587
895 0.685783838384 1.69762177068
896 0.685749494949 1.69306289733
897 0.685797979798 1.69102268408
898 0.68576969697 1.69161256202
899 0.685884848485 1.69219877353
900 0.686066666667 1.69089313965
901 0.686074747475 1.69164480971
902 0.686260606061 1.69510937197
903 0.68635959596 1.69650980246
904 0.686612121212 1.69370443429
905 0.686826262626 1.69318954798
906 0.686965656566 1.69486382626
907 0.687153535354 1.69177678061
908 0.687296969697 1.69447842357
909 0.687454545455 1.69844018216
910 0.687987878788 1.698515774
911 0.68821010101 1.69536454766
912 0.688151515152 1.69942059736
913 0.688066666667 1.6935949423
914 0.688066666667 1.69431731238
915 0.688074747475 1.69392074316
916 0.688058585859 1.69245978425
917 0.687993939394 1.69058955973
918 0.688187878788 1.68982823962
919 0.688187878788 1.69255459955
920 0.688317171717 1.69151116657
921 0.688454545455 1.69658955482
922 0.688414141414 1.70320929191
923 0.688814141414 1.70638491862
924 0.688636363636 1.70433706691
925 0.688856565657 1.70119050935
926 0.688981818182 1.70417167205
927 0.689222222222 1.69937659677
928 0.689260606061 1.70218672411
929 0.68938989899 1.70238066087
930 0.68937979798 1.70274018795
931 0.689585858586 1.70186316823
932 0.690026262626 1.69923742522
933 0.689983838384 1.69855888289
934 0.690177777778 1.69799332599
935 0.690292929293 1.69742932284
936 0.690553535354 1.70004992596
937 0.690822222222 1.69627198989
938 0.690836363636 1.69893756552
939 0.690955555556 1.69921423514
940 0.69097979798 1.69952353847
941 0.691202020202 1.69909461951
942 0.691301010101 1.69819246893
943 0.691391919192 1.69938019638
944 0.691541414141 1.70450069713
945 0.69181010101 1.70379397221
946 0.69195959596 1.70177528741
947 0.692218181818 1.6992315741
948 0.692515151515 1.69180483829
949 0.692626262626 1.69540517385
950 0.692690909091 1.69523359698
951 0.692860606061 1.6941099644
952 0.692892929293 1.6921433986
953 0.693357575758 1.69681984023
954 0.69358989899 1.70320591233
955 0.693824242424 1.70208221506
956 0.693644444444 1.70186516931
957 0.693761616162 1.70321381013
958 0.693856565657 1.69958437738
959 0.693963636364 1.70032745986
960 0.694333333333 1.69562329351
961 0.694478787879 1.68987205413
962 0.694793939394 1.68960671315
963 0.69501010101 1.68377017565
964 0.695228282828 1.6844445717
965 0.695258585859 1.68806717099
966 0.695187878788 1.690138754
967 0.695353535354 1.6847094362
968 0.695296969697 1.68441836859
969 0.695319191919 1.68475571504
970 0.695587878788 1.6854561005
971 0.695694949495 1.68784940906
972 0.695864646465 1.68278744433
973 0.696125252525 1.68444379594
974 0.696258585859 1.69216752332
975 0.696383838384 1.69347152637
976 0.696545454545 1.6954469405
977 0.696773737374 1.6953273592
978 0.696666666667 1.69170717113
979 0.696943434343 1.69288450806
980 0.696903030303 1.69354540404
981 0.697167676768 1.68856157624
982 0.697432323232 1.68613715092
983 0.697545454545 1.68744986531
984 0.697541414141 1.68222814469
985 0.697709090909 1.68564691273
986 0.69798989899 1.68948158941
987 0.698222222222 1.68312383809
988 0.698161616162 1.67921240975
989 0.69822020202 1.67242161215
990 0.698228282828 1.67562685041
991 0.698115151515 1.68179576259
992 0.698468686869 1.68081975305
993 0.698751515152 1.68046326077
994 0.698961616162 1.68261131895
995 0.698856565657 1.69180254407
996 0.698931313131 1.6901578581
997 0.698939393939 1.69137383756
998 0.699373737374 1.68376621661
999 0.699375757576 1.68539022209
