0 0.0022 0.00221632028583
1 0.00339797979798 0.00342726686295
2 0.00499393939394 0.00504118000097
3 0.00579393939394 0.00585220454919
4 0.00758585858586 0.007669726615
5 0.00957575757576 0.00969284307583
6 0.0125555555556 0.0127316373159
7 0.0135454545455 0.0137507784812
8 0.0167151515152 0.0170020943753
9 0.0198747474747 0.0202694148776
10 0.0210606060606 0.0214994066584
11 0.0234383838384 0.0239633121626
12 0.0261898989899 0.0268084720852
13 0.0289595959596 0.0297034236212
14 0.0309292929293 0.0317747768078
15 0.0330787878788 0.0340428381829
16 0.0356121212121 0.0367238064307
17 0.0373676767677 0.0385697678885
18 0.038703030303 0.0399884605513
19 0.0402686868687 0.0416448827802
20 0.0418323232323 0.0433045370852
21 0.043595959596 0.0451726930811
22 0.0447434343434 0.0463882433774
23 0.0482242424242 0.050117697475
24 0.050501010101 0.052587102775
25 0.0518585858586 0.0540519807119
26 0.0539777777778 0.0563544999718
27 0.0557111111111 0.0582516654662
28 0.0572585858586 0.0599348322198
29 0.0587737373737 0.0616089144912
30 0.0599434343434 0.0628863905407
31 0.063004040404 0.0662422055333
32 0.0643616161616 0.0677210825635
33 0.0660808080808 0.0696293353449
34 0.0680121212121 0.0717835681939
35 0.0699252525253 0.0738881053481
36 0.0714484848485 0.075597949256
37 0.0737676767677 0.0781962247004
38 0.0751070707071 0.0797171752706
39 0.0779151515152 0.0828598815604
40 0.0798242424242 0.0850274396746
41 0.0816888888889 0.0871668195805
42 0.0843252525253 0.0901194388118
43 0.086595959596 0.0927589259174
44 0.0884808080808 0.0949308757573
45 0.0896060606061 0.0962174683934
46 0.0905333333333 0.097265638144
47 0.0918646464646 0.0987836610352
48 0.0926222222222 0.099674370782
49 0.0939535353535 0.101230305887
50 0.0963616161616 0.104022635059
51 0.0978646464646 0.105727494959
52 0.100276767677 0.108558677356
53 0.101204040404 0.109652978977
54 0.103242424242 0.11204273538
55 0.105078787879 0.114152923414
56 0.106577777778 0.115916673496
57 0.109775757576 0.119676938528
58 0.111612121212 0.12183058212
59 0.112543434343 0.122956668764
60 0.114002020202 0.124699201541
61 0.115822222222 0.126884504834
62 0.117864646465 0.12931570468
63 0.118967676768 0.130652692568
64 0.12043030303 0.132384957665
65 0.122628282828 0.135067869584
66 0.123545454545 0.136142364862
67 0.125781818182 0.138858515825
68 0.12761010101 0.141104368155
69 0.129739393939 0.143671686265
70 0.132614141414 0.14717731907
71 0.133858585859 0.148715313156
72 0.136042424242 0.151460651275
73 0.136535353535 0.152097136001
74 0.137987878788 0.153875746758
75 0.139254545455 0.155446569968
76 0.141046464646 0.15770802426
77 0.142850505051 0.159986443265
78 0.144276767677 0.161783500563
79 0.146105050505 0.164075756239
80 0.147911111111 0.16638506412
81 0.149155555556 0.16798199801
82 0.150947474747 0.170289751116
83 0.152185858586 0.171841794163
84 0.154707070707 0.175034663551
85 0.156701010101 0.177581373722
86 0.158307070707 0.179617506208
87 0.158816161616 0.180234154386
88 0.160088888889 0.181826446654
89 0.162375757576 0.184673108683
90 0.164848484848 0.187830324759
91 0.167690909091 0.191514936656
92 0.168571717172 0.192629858349
93 0.169751515152 0.194169067433
94 0.171131313131 0.19597460504
95 0.173262626263 0.198787629605
96 0.174668686869 0.200608298336
97 0.175335353535 0.201466381153
98 0.176729292929 0.203318698474
99 0.177890909091 0.204868380235
100 0.179496969697 0.206971189073
101 0.180591919192 0.2084109048
102 0.182143434343 0.210457224685
103 0.183533333333 0.212309082907
104 0.186660606061 0.216478266525
105 0.188371717172 0.218806150076
106 0.189905050505 0.220817022569
107 0.190757575758 0.221915503153
108 0.192608080808 0.224447339038
109 0.193797979798 0.226075125756
110 0.19615959596 0.229292188172
111 0.197711111111 0.231424472451
112 0.198591919192 0.232646790393
113 0.200666666667 0.235518113017
114 0.202137373737 0.237581863816
115 0.203846464646 0.239980715798
116 0.205345454545 0.242085591587
117 0.206333333333 0.243405797865
118 0.207709090909 0.24533885713
119 0.209488888889 0.247818806758
120 0.210539393939 0.249274154028
121 0.212862626263 0.252549962185
122 0.215426262626 0.256214839756
123 0.217785858586 0.259626421404
124 0.219426262626 0.261924420917
125 0.220103030303 0.262872456941
126 0.221448484848 0.264799381212
127 0.223858585859 0.268232542126
128 0.226268686869 0.271791038119
129 0.227296969697 0.273283227427
130 0.227783838384 0.273979085543
131 0.229123232323 0.27594365966
132 0.230276767677 0.277656443368
133 0.231577777778 0.279486881444
134 0.232894949495 0.281376235271
135 0.234751515152 0.284044265414
136 0.236426262626 0.286467742945
137 0.237947474747 0.28871751799
138 0.239276767677 0.29068236965
139 0.241272727273 0.293668201794
140 0.242266666667 0.295153307763
141 0.243767676768 0.297399680631
142 0.244717171717 0.298810070038
143 0.245739393939 0.300347041669
144 0.246511111111 0.301474138924
145 0.247191919192 0.302508275087
146 0.248674747475 0.304708193284
147 0.249842424242 0.306454106202
148 0.251664646465 0.309256597846
149 0.252927272727 0.311163939487
150 0.254494949495 0.313559931264
151 0.256791919192 0.317054363859
152 0.258456565657 0.319622003347
153 0.259591919192 0.32137822594
154 0.261014141414 0.323573784625
155 0.262644444444 0.326111386515
156 0.264585858586 0.32916735174
157 0.265725252525 0.330862757309
158 0.266991919192 0.33281551235
159 0.268682828283 0.335455063234
160 0.269911111111 0.33742702145
161 0.271357575758 0.339800397695
162 0.272014141414 0.340876276916
163 0.273664646465 0.343469296756
164 0.274612121212 0.345002894976
165 0.276080808081 0.347356627704
166 0.277395959596 0.349486864128
167 0.278183838384 0.350676829041
168 0.279153535354 0.352248285157
169 0.280587878788 0.354470332585
170 0.282258585859 0.357241967766
171 0.283834343434 0.359803030003
172 0.284943434343 0.361534100305
173 0.286208080808 0.363616598219
174 0.287505050505 0.365757447253
175 0.28795959596 0.366479127968
176 0.289474747475 0.368919552214
177 0.290733333333 0.370936500451
178 0.291977777778 0.373036616899
179 0.293385858586 0.375321173105
180 0.294628282828 0.377406980147
181 0.296478787879 0.380462943998
182 0.297713131313 0.382553275445
183 0.298985858586 0.384676266851
184 0.300181818182 0.386707103305
185 0.300828282828 0.387830298092
186 0.301276767677 0.388592417414
187 0.302739393939 0.39102706571
188 0.303519191919 0.392380515041
189 0.304412121212 0.39390399092
190 0.305846464646 0.396409186924
191 0.307404040404 0.399072499325
192 0.307749494949 0.399697469679
193 0.308313131313 0.400667756482
194 0.309826262626 0.403298361444
195 0.311294949495 0.405889803772
196 0.313080808081 0.409088298605
197 0.314313131313 0.411187308421
198 0.315488888889 0.413276687909
199 0.316351515152 0.414791850472
200 0.317515151515 0.416818504075
201 0.318670707071 0.418866478044
202 0.31963030303 0.42051033768
203 0.319915151515 0.421031052258
204 0.321836363636 0.424457150926
205 0.323070707071 0.426694414153
206 0.323521212121 0.427477546394
207 0.325193939394 0.430537852772
208 0.325927272727 0.431818944243
209 0.327323232323 0.434369382531
210 0.328195959596 0.43591512542
211 0.328791919192 0.436884798721
212 0.329703030303 0.438589415353
213 0.331074747475 0.441060706502
214 0.331515151515 0.441864343472
215 0.333121212121 0.444806175172
216 0.33383030303 0.446108657207
217 0.335187878788 0.448535616757
218 0.336777777778 0.451447782505
219 0.338157575758 0.454009539304
220 0.339339393939 0.456255308733
221 0.34141010101 0.460096702106
222 0.34197979798 0.461140111444
223 0.343234343434 0.463502581571
224 0.344707070707 0.466309446857
225 0.345414141414 0.467619470305
226 0.346082828283 0.468926499548
227 0.347232323232 0.471037234527
228 0.347634343434 0.471796943812
229 0.348006060606 0.472573043751
230 0.34897979798 0.474388597634
231 0.350478787879 0.477296607331
232 0.351804040404 0.479751514019
233 0.352226262626 0.480558009902
234 0.353458585859 0.482923829451
235 0.354153535354 0.484324443761
236 0.354987878788 0.485914104391
237 0.356034343434 0.488053439498
238 0.357545454545 0.49100727923
239 0.358313131313 0.492541030449
240 0.359909090909 0.495610944649
241 0.360688888889 0.497202142373
242 0.361525252525 0.498910068786
243 0.362555555556 0.501038008923
244 0.364268686869 0.504392787526
245 0.36517979798 0.506214665238
246 0.36562020202 0.506997920052
247 0.366781818182 0.509238317941
248 0.367391919192 0.510460827012
249 0.368872727273 0.513508090219
250 0.370066666667 0.515961336932
251 0.371309090909 0.51834431324
252 0.372416161616 0.520652474722
253 0.372606060606 0.52111146762
254 0.374052525253 0.524091642063
255 0.374723232323 0.525443580995
256 0.375284848485 0.526561289827
257 0.376442424242 0.528931842339
258 0.377325252525 0.530692588441
259 0.378365656566 0.532736378382
260 0.378795959596 0.533587331693
261 0.379656565657 0.535304846886
262 0.380624242424 0.53744817478
263 0.381616161616 0.539500127145
264 0.382303030303 0.540909978099
265 0.383327272727 0.542996841166
266 0.384755555556 0.545928248253
267 0.385987878788 0.548499265057
268 0.38696969697 0.550674922193
269 0.388507070707 0.553873888771
270 0.388909090909 0.554698171515
271 0.389042424242 0.554958201685
272 0.390442424242 0.557756284204
273 0.391894949495 0.56081568686
274 0.392618181818 0.562359701127
275 0.393218181818 0.563563988009
276 0.394072727273 0.565377605591
277 0.394880808081 0.567179686396
278 0.396260606061 0.570140112822
279 0.396248484848 0.570088769975
280 0.397181818182 0.572169475317
281 0.398696969697 0.575509675393
282 0.400056565657 0.578474567605
283 0.400896969697 0.580337342963
284 0.401145454545 0.580894804691
285 0.40283030303 0.584679184531
286 0.403868686869 0.586840569303
287 0.404783838384 0.588906415883
288 0.405315151515 0.59008962546
289 0.40695959596 0.593688447462
290 0.408167676768 0.59644259942
291 0.409561616162 0.59964774413
292 0.410016161616 0.600590070534
293 0.410808080808 0.602322177263
294 0.411496969697 0.603936348186
295 0.411993939394 0.604902452766
296 0.412866666667 0.606809849092
297 0.414145454545 0.609756424585
298 0.415052525253 0.611805730536
299 0.416402020202 0.614826561158
300 0.417212121212 0.616729027765
301 0.418084848485 0.61876103291
302 0.41942020202 0.621839818093
303 0.42022020202 0.623704425369
304 0.42078989899 0.625022498189
305 0.421228282828 0.626070461959
306 0.422072727273 0.628075581304
307 0.423098989899 0.63051152401
308 0.423975757576 0.632649054024
309 0.424925252525 0.634806609215
310 0.425303030303 0.635612800954
311 0.426521212121 0.638728302959
312 0.427284848485 0.640589836033
313 0.427941414141 0.642087650174
314 0.42858989899 0.643557787489
315 0.429705050505 0.646109439296
316 0.42995959596 0.646739746748
317 0.43064040404 0.648286886778
318 0.431436363636 0.650252883351
319 0.432519191919 0.652962967113
320 0.432961616162 0.654135771827
321 0.433771717172 0.656010809701
322 0.43441010101 0.657536917762
323 0.435985858586 0.661560658914
324 0.437246464646 0.664576137354
325 0.437680808081 0.665678882488
326 0.438361616162 0.667329485887
327 0.439242424242 0.669653390513
328 0.440228282828 0.67192365113
329 0.441014141414 0.673874923468
330 0.441638383838 0.675449658646
331 0.442793939394 0.678420516971
332 0.444139393939 0.68164351064
333 0.444929292929 0.68369281484
334 0.44596969697 0.686324898052
335 0.446367676768 0.687435009742
336 0.446494949495 0.687821541907
337 0.447387878788 0.690069323512
338 0.448834343434 0.693817740254
339 0.449614141414 0.695878123981
340 0.450137373737 0.697146056249
341 0.450775757576 0.69888261546
342 0.450975757576 0.699462426772
343 0.451739393939 0.701548393308
344 0.452450505051 0.703462137463
345 0.453060606061 0.704915342259
346 0.45315959596 0.705133215785
347 0.454315151515 0.70814267051
348 0.45544040404 0.710933817814
349 0.456408080808 0.713420634837
350 0.456945454545 0.714821083351
351 0.457941414141 0.717357915015
352 0.458939393939 0.720142036695
353 0.45994949495 0.722679063971
354 0.46083030303 0.724967109237
355 0.462105050505 0.728281703228
356 0.463381818182 0.731763483245
357 0.464393939394 0.734519197489
358 0.465004040404 0.736463045683
359 0.465476767677 0.737784577514
360 0.466054545455 0.739440662999
361 0.466973737374 0.741908117127
362 0.467864646465 0.744393734129
363 0.468236363636 0.745356220796
364 0.469254545455 0.748219793853
365 0.46996969697 0.75016129145
366 0.470814141414 0.752643524657
367 0.47215959596 0.756391447376
368 0.473250505051 0.759508389312
369 0.474004040404 0.761684765969
370 0.474662626263 0.76357782909
371 0.475860606061 0.766887862922
372 0.476450505051 0.768473740874
373 0.477432323232 0.771215244054
374 0.477935353535 0.77254608484
375 0.478721212121 0.774804207036
376 0.479185858586 0.776162918347
377 0.479446464646 0.77690188273
378 0.48002020202 0.778385465467
379 0.48034949495 0.779375085558
380 0.481171717172 0.781843908754
381 0.482296969697 0.785169842764
382 0.483177777778 0.787563927441
383 0.483537373737 0.78858104484
384 0.483983838384 0.78977482237
385 0.484571717172 0.791455862193
386 0.485395959596 0.793799604253
387 0.485993939394 0.795401580431
388 0.48597979798 0.795450113758
389 0.486690909091 0.797596129412
390 0.487175757576 0.799181385879
391 0.487478787879 0.800043348719
392 0.488674747475 0.803413919911
393 0.48935959596 0.805499254003
394 0.489911111111 0.806989634477
395 0.490616161616 0.809118300181
396 0.491307070707 0.811039906077
397 0.491678787879 0.812164182949
398 0.491931313131 0.812973747064
399 0.493121212121 0.81654524608
400 0.494117171717 0.819585620729
401 0.494191919192 0.819707909208
402 0.49461010101 0.820899026402
403 0.49562020202 0.823808467434
404 0.496292929293 0.825893627554
405 0.4974 0.829399761381
406 0.498137373737 0.831466044772
407 0.499070707071 0.834249336508
408 0.49956969697 0.835885903639
409 0.501212121212 0.840965601922
410 0.50261010101 0.845446129262
411 0.503115151515 0.847063359228
412 0.503688888889 0.848850870984
413 0.504206060606 0.850654450156
414 0.504684848485 0.852166185218
415 0.5046 0.851931519262
416 0.505163636364 0.853815003485
417 0.50518989899 0.853928441172
418 0.50596969697 0.856295402903
419 0.506662626263 0.858581595775
420 0.507216161616 0.860268532442
421 0.508064646465 0.86304163925
422 0.508660606061 0.8651119372
423 0.50935959596 0.867528615796
424 0.509808080808 0.868825977147
425 0.510466666667 0.871119056319
426 0.511133333333 0.873503308828
427 0.51177979798 0.87562348304
428 0.51301010101 0.879762650558
429 0.513824242424 0.882378053132
430 0.514880808081 0.885815739761
431 0.515402020202 0.88747528295
432 0.516339393939 0.890590031136
433 0.516682828283 0.891818212776
434 0.517167676768 0.893515128031
435 0.517848484848 0.896118206644
436 0.518478787879 0.898411153916
437 0.518775757576 0.899404026747
438 0.518997979798 0.900256069457
439 0.51998989899 0.903577166412
440 0.520533333333 0.905328904786
441 0.521286868687 0.908016089996
442 0.521418181818 0.908506107852
443 0.521870707071 0.9100740355
444 0.522303030303 0.911657936983
445 0.522723232323 0.913008063914
446 0.522919191919 0.913652381808
447 0.523260606061 0.91485362681
448 0.523547474747 0.9160014991
449 0.524662626263 0.919970452647
450 0.525109090909 0.921407319097
451 0.525468686869 0.922757631795
452 0.5262 0.925431915639
453 0.526262626263 0.925806610511
454 0.527054545455 0.92855595736
455 0.527771717172 0.931068758875
456 0.52817979798 0.932661623245
457 0.529024242424 0.935716106534
458 0.529355555556 0.936977526475
459 0.530050505051 0.939469175764
460 0.530713131313 0.941758102405
461 0.531068686869 0.943185969132
462 0.531490909091 0.944683353245
463 0.532121212121 0.947156982121
464 0.532175757576 0.947276125992
465 0.532371717172 0.947970219323
466 0.533111111111 0.950606317045
467 0.534018181818 0.953971414809
468 0.534070707071 0.954277309611
469 0.534262626263 0.955068830194
470 0.534901010101 0.957476547428
471 0.534961616162 0.957521048947
472 0.53515959596 0.958066365438
473 0.535777777778 0.96006089211
474 0.535791919192 0.960104566581
475 0.536397979798 0.962727039673
476 0.5364 0.962688828568
477 0.536608080808 0.963451118077
478 0.537549494949 0.966944712166
479 0.538008080808 0.968610232428
480 0.538713131313 0.971283595059
481 0.539616161616 0.974944385175
482 0.540278787879 0.97732799754
483 0.540987878788 0.979761950403
484 0.541767676768 0.982578056097
485 0.541957575758 0.98344040271
486 0.543125252525 0.988125921148
487 0.543612121212 0.990208911981
488 0.544482828283 0.993634018376
489 0.544717171717 0.994756016342
490 0.545212121212 0.99659163666
491 0.545509090909 0.997861715696
492 0.545705050505 0.998607417169
493 0.546165656566 1.00052867651
494 0.546812121212 1.00308502887
495 0.547527272727 1.00602801311
496 0.548432323232 1.00951633591
497 0.548935353535 1.01147147814
498 0.549450505051 1.0133743513
499 0.549775757576 1.01481132671
500 0.550082828283 1.01598701318
501 0.550824242424 1.01927279012
502 0.551268686869 1.02125956977
503 0.552084848485 1.02476836038
504 0.552646464646 1.02697090942
505 0.553212121212 1.02931412635
506 0.553537373737 1.03065233696
507 0.554157575758 1.03386191627
508 0.555303030303 1.03912495241
509 0.555749494949 1.04093376508
510 0.556244444444 1.04316163442
511 0.55683030303 1.04517597441
512 0.557343434343 1.04735085582
513 0.558103030303 1.0503939456
514 0.558866666667 1.05379950566
515 0.559331313131 1.0557386462
516 0.559498989899 1.05636636166
517 0.560317171717 1.05953473877
518 0.560882828283 1.06222935153
519 0.56101010101 1.06284220018
520 0.561309090909 1.06393639411
521 0.562062626263 1.06726013848
522 0.562826262626 1.07024663715
523 0.563286868687 1.07218928409
524 0.563650505051 1.07365416717
525 0.563555555556 1.07312766424
526 0.564004040404 1.07498838097
527 0.564503030303 1.07721207397
528 0.565125252525 1.07996978284
529 0.566018181818 1.08342569526
530 0.566682828283 1.08607917992
531 0.56723030303 1.0881058715
532 0.567513131313 1.08928708565
533 0.567626262626 1.08995861659
534 0.567626262626 1.09008100562
535 0.567985858586 1.09154031174
536 0.568521212121 1.09394571193
537 0.569278787879 1.0980161453
538 0.570016161616 1.101239023
539 0.570503030303 1.10334570802
540 0.570981818182 1.10568702147
541 0.571519191919 1.10771571797
542 0.571896969697 1.10983744364
543 0.572347474747 1.11194848246
544 0.572527272727 1.11275606282
545 0.572913131313 1.11459416967
546 0.573 1.11482900911
547 0.57317979798 1.11571324464
548 0.574290909091 1.12040596615
549 0.574486868687 1.12132833079
550 0.574674747475 1.12256877132
551 0.574886868687 1.12389513071
552 0.575422222222 1.12623902242
553 0.576147474747 1.12945976702
554 0.576642424242 1.13179802287
555 0.577163636364 1.13451423065
556 0.57775959596 1.13862050175
557 0.578270707071 1.1410199714
558 0.578678787879 1.1421275049
559 0.579422222222 1.14575284425
560 0.580078787879 1.14915281404
561 0.580666666667 1.15110846937
562 0.580896969697 1.15205341456
563 0.58096969697 1.15238341395
564 0.582026262626 1.15761676546
565 0.582303030303 1.15894241127
566 0.582642424242 1.15972873297
567 0.583185858586 1.1622323233
568 0.583628282828 1.16467422
569 0.58441010101 1.1686266668
570 0.584509090909 1.16908212279
571 0.584931313131 1.17136421167
572 0.585351515152 1.17345774248
573 0.586064646465 1.1769498812
574 0.586698989899 1.18075390369
575 0.58723030303 1.18288922696
576 0.588226262626 1.18873663344
577 0.588290909091 1.19033269676
578 0.588884848485 1.19240420457
579 0.589121212121 1.19426470096
580 0.5894 1.19589937807
581 0.589828282828 1.19761227632
582 0.590012121212 1.19849577526
583 0.590327272727 1.20049796729
584 0.591022222222 1.20324918915
585 0.591432323232 1.20550796204
586 0.591650505051 1.2066486014
587 0.592117171717 1.20896580238
588 0.592460606061 1.21096209149
589 0.59258989899 1.21199527407
590 0.593688888889 1.21716646166
591 0.594276767677 1.22004336028
592 0.594412121212 1.22151111721
593 0.59461010101 1.22208686906
594 0.595618181818 1.22718214894
595 0.59601010101 1.22941748436
596 0.596050505051 1.22885387404
597 0.596428282828 1.23193428824
598 0.596933333333 1.2337413378
599 0.597474747475 1.23611354834
600 0.598094949495 1.2402234603
601 0.598307070707 1.24155416827
602 0.598765656566 1.24240098093
603 0.599448484848 1.24644847656
604 0.599719191919 1.24775022859
605 0.600129292929 1.2502894105
606 0.601052525253 1.25527410023
607 0.602123232323 1.26086225604
608 0.602276767677 1.26160932895
609 0.602575757576 1.26269707776
610 0.602933333333 1.26381071545
611 0.603288888889 1.26599675955
612 0.603945454545 1.26932699507
613 0.604711111111 1.27331780956
614 0.604751515152 1.27374240878
615 0.605298989899 1.2765045928
616 0.605494949495 1.27773576386
617 0.605890909091 1.27950819713
618 0.606252525253 1.28209275133
619 0.607127272727 1.2870906427
620 0.607626262626 1.28963415188
621 0.608062626263 1.29295536159
622 0.608214141414 1.2940830042
623 0.608525252525 1.29632654361
624 0.608848484848 1.29825469151
625 0.608975757576 1.2986398398
626 0.609525252525 1.30143013569
627 0.610462626263 1.30731323297
628 0.610870707071 1.30940454956
629 0.610876767677 1.30961428679
630 0.611060606061 1.31080180718
631 0.611517171717 1.31361870496
632 0.612143434343 1.31784441198
633 0.612838383838 1.32221836226
634 0.61315959596 1.32408888073
635 0.613654545455 1.3279753201
636 0.614377777778 1.33243540535
637 0.61462020202 1.33304988783
638 0.615107070707 1.33568147112
639 0.615191919192 1.33729600124
640 0.615634343434 1.33994279647
641 0.61595959596 1.34203302664
642 0.616670707071 1.34617075716
643 0.616949494949 1.34772407608
644 0.616941414141 1.34753164259
645 0.617363636364 1.35002312964
646 0.6176 1.35183574643
647 0.617682828283 1.35261059489
648 0.617965656566 1.35460812329
649 0.618343434343 1.3572266325
650 0.618785858586 1.36066738424
651 0.619121212121 1.3628684227
652 0.619319191919 1.36035180337
653 0.619747474747 1.36163533704
654 0.619783838384 1.36405036947
655 0.620208080808 1.36765633905
656 0.620515151515 1.36929160934
657 0.620862626263 1.37109350578
658 0.620836363636 1.37115872792
659 0.621119191919 1.37403743704
660 0.621367676768 1.37545100985
661 0.621733333333 1.37674146494
662 0.622062626263 1.37830888154
663 0.621757575758 1.37606555459
664 0.622202020202 1.37991339136
665 0.622278787879 1.38080805658
666 0.62296969697 1.38292468924
667 0.62303030303 1.38327509272
668 0.623343434343 1.38381239947
669 0.623678787879 1.38537900568
670 0.623888888889 1.38815492627
671 0.624012121212 1.39084880688
672 0.624078787879 1.39137836534
673 0.624018181818 1.39103510757
674 0.623963636364 1.3912890196
675 0.624470707071 1.39301196361
676 0.624783838384 1.3952258023
677 0.625284848485 1.39937364239
678 0.625725252525 1.4004646825
679 0.626076767677 1.40259845952
680 0.626424242424 1.40545091722
681 0.627074747475 1.40879909248
682 0.627385858586 1.4113498822
683 0.627775757576 1.41163814057
684 0.627915151515 1.41394012023
685 0.628319191919 1.41611229933
686 0.628614141414 1.41663888629
687 0.628565656566 1.41631867939
688 0.628664646465 1.41613441623
689 0.628666666667 1.41616733379
690 0.628626262626 1.41755974727
691 0.62876969697 1.41714894429
692 0.629466666667 1.42143642844
693 0.629602020202 1.42211531517
694 0.630038383838 1.42500658244
695 0.63023030303 1.42638540076
696 0.630616161616 1.4293165616
697 0.630373737374 1.427337146
698 0.630674747475 1.42871401651
699 0.631044444444 1.43169488222
700 0.631729292929 1.43686632311
701 0.632175757576 1.44036090562
702 0.632111111111 1.43915304019
703 0.632331313131 1.43918311358
704 0.633236363636 1.44502692707
705 0.633731313131 1.44846580405
706 0.63403030303 1.45005017139
707 0.634127272727 1.4513918645
708 0.634535353535 1.455669147
709 0.634890909091 1.45829643085
710 0.635412121212 1.46112885837
711 0.635557575758 1.46209082292
712 0.635733333333 1.46414479074
713 0.636309090909 1.46668691225
714 0.636565656566 1.4679948848
715 0.636715151515 1.46988841531
716 0.636836363636 1.47038077318
717 0.63718989899 1.47442814777
718 0.637391919192 1.47588708121
719 0.637402020202 1.47451408553
720 0.637648484848 1.47472578986
721 0.63798989899 1.47746355985
722 0.638268686869 1.47532881718
723 0.638775757576 1.47976246361
724 0.638618181818 1.47873220994
725 0.638858585859 1.48027278623
726 0.638939393939 1.48068629141
727 0.639638383838 1.48636744616
728 0.640123232323 1.49084815122
729 0.640349494949 1.49556352034
730 0.640626262626 1.49842449474
731 0.641222222222 1.50390120164
732 0.641884848485 1.50818036831
733 0.6422 1.51148921397
734 0.642664646465 1.51405371296
735 0.643684848485 1.51940069572
736 0.644088888889 1.52235036746
737 0.644654545455 1.52643896296
738 0.644844444444 1.52599464234
739 0.645278787879 1.53130533945
740 0.645444444444 1.53374995586
741 0.64557979798 1.53607851141
742 0.645739393939 1.53474559424
743 0.645907070707 1.53354930217
744 0.646654545455 1.53559583908
745 0.647165656566 1.53613656013
746 0.647519191919 1.53903954915
747 0.647828282828 1.53971331064
748 0.647907070707 1.54057975582
749 0.648254545455 1.54552991645
750 0.648424242424 1.54722496313
751 0.648486868687 1.54471947965
752 0.648834343434 1.54814343903
753 0.649046464646 1.54897529185
754 0.64901010101 1.54961150078
755 0.649507070707 1.55339770906
756 0.650048484848 1.5561707163
757 0.650733333333 1.56089208445
758 0.651214141414 1.56494302915
759 0.65158989899 1.5681436064
760 0.651638383838 1.56827717825
761 0.651686868687 1.56912051461
762 0.652032323232 1.57158308031
763 0.652644444444 1.57351637544
764 0.652878787879 1.57412997583
765 0.653377777778 1.57808970768
766 0.653753535354 1.58016457546
767 0.654090909091 1.58099637644
768 0.654246464646 1.58115022868
769 0.654749494949 1.58383988281
770 0.654822222222 1.58474351804
771 0.654896969697 1.58478212898
772 0.655004040404 1.58417666047
773 0.655294949495 1.58591543823
774 0.655606060606 1.59046202288
775 0.656008080808 1.5960613628
776 0.65618989899 1.59755191005
777 0.6564 1.59822362383
778 0.657016161616 1.60564051769
779 0.657117171717 1.60200642223
780 0.657694949495 1.60832256062
781 0.658123232323 1.60991200404
782 0.658416161616 1.60719633388
783 0.658563636364 1.60823152993
784 0.65881010101 1.61084499185
785 0.659092929293 1.61026213167
786 0.659402020202 1.61231923914
787 0.659541414141 1.60726331652
788 0.659644444444 1.6053212501
789 0.659834343434 1.60935855987
790 0.659981818182 1.6107743672
791 0.660088888889 1.61253234204
792 0.660327272727 1.61350193175
793 0.660545454545 1.61569808918
794 0.660618181818 1.61592615705
795 0.660888888889 1.61460244544
796 0.661109090909 1.61311182191
797 0.661503030303 1.61229000041
798 0.661828282828 1.61365849865
799 0.66195959596 1.61496909313
800 0.662347474747 1.61699539901
801 0.662414141414 1.61590930842
802 0.662503030303 1.61820149489
803 0.662668686869 1.61957272581
804 0.663044444444 1.62294835265
805 0.663381818182 1.62450842274
806 0.663496969697 1.62427794322
807 0.663414141414 1.6235362609
808 0.66341010101 1.62159996169
809 0.66358989899 1.62062362657
810 0.66397979798 1.6238456982
811 0.664743434343 1.62938038033
812 0.664971717172 1.63084416099
813 0.66522020202 1.62742431664
814 0.664949494949 1.62400867759
815 0.665216161616 1.61931215907
816 0.665690909091 1.62401395404
817 0.665804040404 1.62489747027
818 0.665915151515 1.62784166218
819 0.666375757576 1.63054011005
820 0.666321212121 1.63237162235
821 0.666547474747 1.63335225161
822 0.666727272727 1.63479859305
823 0.666888888889 1.63584456948
824 0.667274747475 1.63850785997
825 0.667498989899 1.63999016785
826 0.667626262626 1.64258558551
827 0.66781010101 1.64489761243
828 0.667707070707 1.64392722086
829 0.667612121212 1.64303537012
830 0.667642424242 1.64453933829
831 0.667826262626 1.64555226954
832 0.668078787879 1.6449437322
833 0.668125252525 1.64317781996
834 0.668468686869 1.6481379724
835 0.668864646465 1.64422005584
836 0.669026262626 1.64329426768
837 0.669555555556 1.650500104
838 0.670016161616 1.65649074304
839 0.67041010101 1.65883225911
840 0.670622222222 1.66097421711
841 0.670583838384 1.65652629996
842 0.670850505051 1.65682572128
843 0.67098989899 1.65557113589
844 0.671349494949 1.6591810006
845 0.671682828283 1.66275945245
846 0.671985858586 1.66129698122
847 0.672195959596 1.66559499451
848 0.672450505051 1.67000029236
849 0.67235959596 1.67009828479
850 0.672535353535 1.6693709474
851 0.672606060606 1.66841165838
852 0.672628282828 1.67137697254
853 0.672763636364 1.67345891078
854 0.673046464646 1.66912193533
855 0.673088888889 1.67058688988
856 0.673490909091 1.67366186317
857 0.673674747475 1.67340095597
858 0.673939393939 1.67086807525
859 0.674256565657 1.67583666898
860 0.674264646465 1.67773526674
861 0.674426262626 1.6793330156
862 0.674602020202 1.67857072834
863 0.674719191919 1.67558470139
864 0.675014141414 1.67632283616
865 0.675272727273 1.68044895068
866 0.675503030303 1.67847012565
867 0.675678787879 1.67837222284
868 0.67621010101 1.67625611513
869 0.6766 1.68112557078
870 0.676761616162 1.68197816615
871 0.677161616162 1.68413794716
872 0.677276767677 1.68629530843
873 0.677688888889 1.68360700656
874 0.677981818182 1.68512351315
875 0.678202020202 1.6871604986
876 0.678416161616 1.68755437403
877 0.678573737374 1.68432051946
878 0.678711111111 1.68344133854
879 0.67882020202 1.68296273123
880 0.679052525253 1.68847299499
881 0.67917979798 1.69069904966
882 0.679167676768 1.69399747641
883 0.67923030303 1.69592790236
884 0.679313131313 1.69393094854
885 0.679452525253 1.69904005695
886 0.679460606061 1.69941367619
887 0.67976969697 1.70295695086
888 0.679898989899 1.70525802316
889 0.680107070707 1.70667895407
890 0.680367676768 1.70438046604
891 0.680466666667 1.70672194416
892 0.680648484848 1.7043987891
893 0.680913131313 1.7057079247
894 0.681301010101 1.70588656383
895 0.681648484848 1.71004084312
896 0.681783838384 1.70923790777
897 0.681622222222 1.7134513121
898 0.68197979798 1.71110269243
899 0.68235959596 1.70823781067
900 0.682674747475 1.71163830187
901 0.682884848485 1.71314922998
902 0.683082828283 1.70989216684
903 0.683307070707 1.71013310202
904 0.683404040404 1.71451381364
905 0.683666666667 1.71262598614
906 0.683850505051 1.71198328998
907 0.684006060606 1.70745277235
908 0.684139393939 1.70510266952
909 0.684464646465 1.70392259321
910 0.684317171717 1.70393549459
911 0.684052525253 1.70381682633
912 0.684 1.70003717061
913 0.684123232323 1.70391535888
914 0.684296969697 1.70988279264
915 0.684519191919 1.70930299381
916 0.684664646465 1.7051994881
917 0.684842424242 1.7022996294
918 0.685086868687 1.70224637396
919 0.68518989899 1.70408966969
920 0.685204040404 1.70804917685
921 0.68558989899 1.70138367045
922 0.685854545455 1.70115223739
923 0.68624040404 1.70874334833
924 0.686563636364 1.70667192278
925 0.686551515152 1.70407161893
926 0.68696969697 1.70479449134
927 0.687006060606 1.70686916921
928 0.687236363636 1.70806473234
929 0.687496969697 1.71163461534
930 0.687713131313 1.71322943466
931 0.688014141414 1.71183020818
932 0.6884 1.70830060181
933 0.688907070707 1.70231593673
934 0.689270707071 1.70575374515
935 0.689501010101 1.70455136465
936 0.689614141414 1.70888833676
937 0.689791919192 1.70759093746
938 0.690123232323 1.70922324277
939 0.690535353535 1.7098733898
940 0.690602020202 1.709654155
941 0.690676767677 1.71200187179
942 0.691002020202 1.70965163437
943 0.69095959596 1.70720174903
944 0.690997979798 1.70896779125
945 0.691119191919 1.71124253241
946 0.691183838384 1.71169897722
947 0.690993939394 1.70654759386
948 0.691323232323 1.70905036355
949 0.691676767677 1.70745594849
950 0.691668686869 1.71052953041
951 0.69164040404 1.70971934802
952 0.691575757576 1.70901672364
953 0.691703030303 1.71301598901
954 0.691909090909 1.71302294436
955 0.691866666667 1.71326486893
956 0.692032323232 1.71246543303
957 0.69236969697 1.70509477821
958 0.692490909091 1.70140098868
959 0.69261010101 1.70479456522
960 0.692848484848 1.70773450117
961 0.692937373737 1.70595136689
962 0.693127272727 1.71237374215
963 0.693181818182 1.71427230364
964 0.693486868687 1.71605407308
965 0.693632323232 1.71517592912
966 0.693634343434 1.71079715868
967 0.6938 1.71489927355
968 0.693997979798 1.71705341604
969 0.694228282828 1.72350831554
970 0.694476767677 1.72212168027
971 0.694713131313 1.71556516184
972 0.694864646465 1.71485911688
973 0.694802020202 1.71330790581
974 0.694793939394 1.71451295264
975 0.694901010101 1.71832796949
976 0.695109090909 1.72237585553
977 0.695452525253 1.7222765097
978 0.695626262626 1.72070209584
979 0.695951515152 1.71871765758
980 0.696290909091 1.71747300476
981 0.69656969697 1.7138340497
982 0.696868686869 1.71517513578
983 0.696856565657 1.71908619517
984 0.696719191919 1.71650762908
985 0.696785858586 1.71800930973
986 0.69685050505 1.71770338259
987 0.697096969697 1.71096311865
988 0.697258585859 1.70834764607
989 0.697167676768 1.70331364274
990 0.697492929293 1.70344971908
991 0.697648484848 1.7012507023
992 0.697951515152 1.6992551308
993 0.698222222222 1.69844826597
994 0.69803030303 1.69636406766
995 0.69804040404 1.69361822548
996 0.698375757576 1.69760862556
997 0.698549494949 1.70204489975
998 0.698701010101 1.70401578619
999 0.698981818182 1.69768811522
